11111111111111111111111111111111
11111111111111111111111111111111
11111111111111111111111111111111
11111111111111111111111111111111
11111111111111111111111111111111
11111111111111111111111111111111
11111111111111111111111111111111
11111111111111111111111111111111
11111111111111111111111111111111
11111111111111111111111111111111
11111111111111111111111111111111
11111111111111111111111111111111
11111111111111111111111111111111
11111111111111111111111111111111
11111111111111111111111111111111
11111111111110000001111111111111
11111111110000000000011111111111
11111111100000111100000111111111
11111111000001111110000011111111
11111110000011111110000001111111
11111100000011111110000000111111
11111000000011111111000000111111
11111000000011111111000000011111
11110000000011111111000000011111
11110000000011111111000000001111
11100000000111111111000000001111
11100000000111111111000000001111
11100000000111111111000000000111
11100000000111111111000000000111
11000000000111111111000000000111
11000000000111111111000000000111
11000000000111111111000000000111
11000000000111111111000000000011
11000000000111111111000000000011
11000000000111111111000000000011
11000000000111111111000000000011
11000000000111111111000000000011
11000000000111111111000000000011
11000000000111111111000000000011
11000000000111111111000000000011
11000000000111111111000000000011
11000000000111111111000000000011
11000000000111111111000000000011
11000000000111111111000000000011
11000000000111111111000000000011
11000000000111111111000000000111
11000000000111111111000000000111
11000000000111111111000000000111
11100000000111111111000000000111
11100000000111111111000000000111
11100000000111111111000000001111
11100000000111111111000000001111
11110000000011111111000000001111
11110000000011111111000000011111
11111000000011111111000000011111
11111000000011111111000000111111
11111100000011111110000000111111
11111110000011111110000001111111
11111111000001111110000011111111
11111111100000111100000111111111
11111111110000000000011111111111
11111111111100000001111111111111
11111111111111111111111111111111
11111111111111111111111111111111